0000 02 00 00 00 2C 53 53 54 10 03 00 00 00 01 01 56 ....xsqsdfsqdqds.....
0010 00 00 00 00 00 00 00 00 10 02 56 00 00 00 00 00 sdf.dsfs..f*dsfsdfsdf
0020 00 00 00 10 03 44 00 00 00 00 00 00 10 02 20 03 ... .. . .fd.dffbd. .
0030 12 13 14                                        ....  . .. . .. .. ..

0000 02 00 00 00 2C 53 53 54 10 03 00 00 00 01 01 56 ....xsqsdfsqdqds.....
0010 00 00 00 00 00 00 00 00 10 02 56 00 00 00 00 00 sdf.dsfs..f*dsfsdfsdf
0020 00 00 00 10 03 44 00 00 00 00 00 00 10 02 20 03 ... .. . .fd.dffbd. .
0030 12 13 14 ... .. . .fd.dffbd. .

0000 02 00 00 00 2C 53 53 54 10 03 00 00 00 01 01 56 ....xsqsdfsqdqds.....
0010 00 00 00 00 00 00 00 00 10 02 56 00 00 00 00 00 sdf.dsfs..f*dsfsdfsdf
0020 00 00 00 10 03 44 00 00 00 00 00 00 10 02 20 03 ... .. . .fd.dffbd. .
0030

